-5.345864
5.014110
-6.246739
-2.184696
-4.593805
9.752081
4.711525
-4.649077
-8.379804
-6.442201
-2.334551
11.577580
-7.376420
-5.669169
3.175993
10.722462
-0.080169
-7.908954
-3.980136
2.921975
2.538734
4.781335
6.246395
10.381506
-0.460029
-10.645658
6.087213
-3.463110
-4.204734
-4.463205
3.527431
-1.668164
3.835648
-1.533808
2.683296
-0.857567
1.905715
-3.854878
-0.326375
-3.494971
0.881891
12.569856
8.669271
4.957156
-9.304378
-0.647264
-1.732069
-1.855643
-5.246443
2.677955
1.446486
-2.932841
-0.700932
-1.452678
4.618835
-1.389532
-3.323314
0.799024
-1.188585
-5.676232
-5.716627
1.848554
3.073269
2.361966
-10.210437
4.458849
4.578716
0.280305
-2.187148
5.464690
4.766213
-4.223399
1.258808
-3.927766
-1.185440
-2.975218
0.555429
5.009026
-0.589743
8.310723
-3.381061
-0.877449
-0.353757
0.626263
-5.041082
5.690708
7.892082
8.533096
1.502854
9.121525
-7.108812
6.603893
-7.286092
11.008612
-0.897596
2.698910
-0.865509
4.863969
-3.683794
7.217932
9.806343
-0.006558
-5.294381
6.195100
-0.760158
6.909369
4.327124
-2.473607
3.347240
7.363069
-4.586202
-1.407203
2.205600
-0.405989
-5.419206
-0.154687
4.886838
7.349777
-3.331234
-3.317761
2.578754
2.526729
-2.371522
-5.328445
-2.824245
-1.045773
-3.923211
1.146775
2.490353
-1.314886
-2.770650
1.397724
0.498638
7.624899
-1.072459
-1.813947
0.992181
-5.396321
-5.993559
0.324104
-0.462361
1.838718
0.124686
5.447360
-7.460361
6.572642
-3.222232
2.501232
-2.007022
-0.188815
1.220554
3.205629
3.454219
6.295690
8.038872
0.200707
5.972934
-7.592308
-0.565013
-7.275896
-2.715296
-0.173614
-5.936199
3.584065
4.654018
5.521637
6.116359
8.331000
-5.316314
0.405319
-8.249313
4.719618
-2.370439
-2.319604
1.278042
1.801342
-8.375635
-1.281247
8.638154
1.051796
-4.788325
8.043724
-2.563735
6.062397
-0.734025
5.060750
-0.817762
3.779718
-4.605544
3.687175
-1.718695
1.902518
-4.353201
-7.426391
1.362487
1.800096
4.725859
-3.963655
-6.349585
2.568456
11.371429
4.968951
5.470130
-4.436812
3.606919
-0.207570
-1.172254
-0.669542
-6.179330
0.357214
3.736212
4.975097
-1.267691
10.590450
-2.879421
6.846661
8.160510
3.907683
-5.324741
3.802970
-3.974652
-3.473669
0.443979
-0.907483
4.783603
4.733607
3.430324
-9.359945
-0.311354
-0.887586
-4.235640
5.421400
2.813216
1.280934
-3.812532
8.089355
4.228688
-6.800666
3.275040
-4.286324
6.870278
-8.611210
-5.327564
-2.466304
-6.521878
-4.633143
-0.461758
-2.578009
-0.254953
10.387827
-6.923042
-0.302891
1.542591
-8.948415
-0.579928
2.563641
-11.260037
0.669000
11.498166
-4.546592
3.452822
-5.444376
-2.714541
-5.136121
1.969598
2.526887
-0.107732
3.062340
-3.334041
4.103384
8.036499
1.876042
2.529616
5.765243
1.184361
0.256727
6.655442
-2.217288
-3.120168
0.307762
8.544262
1.352411
1.614063
0.314800
-1.945215
-3.514991
-3.930053
1.792735
-3.247812
-0.450601
-5.896895
2.572359
-3.139029
-3.325467
-0.850153
5.383980
-2.538923
5.902946
13.455701
-6.328887
2.530520
-2.616430
-1.279070
8.092873
4.732298
10.103238
3.126616
2.351288
4.897352
-2.995370
-6.538511
-0.759901
-4.088884
-2.314920
0.395922
8.289272
-1.774070
3.202325
3.695364
-1.322480
3.625476
-1.313316
0.482656
-5.925548
-4.289582
-0.586636
-4.742105
5.486780
0.188166
-4.626708
8.246228
-2.124226
6.627643
-5.802397
2.206803
1.806668
-0.407740
3.408709
-2.642839
-2.957435
2.034977
-2.941614
1.696939
-4.216466
4.309310
1.223272
3.726250
-4.647410
7.692780
-2.260036
2.316527
6.342219
-2.428309
4.454580
-5.023035
5.758097
-9.171735
-1.917982
-3.551663
-3.482581
-4.854889
-2.647409
-1.360650
2.499370
2.097171
-6.501540
4.844425
1.387453
-4.488699
1.577620
1.307390
-6.471052
0.396621
-5.103651
-1.469118
4.778243
-4.546423
-5.649941
3.324238
8.726489
-7.149078
4.022283
-0.585937
-5.257743
-9.047705
2.005232
0.808002
-3.881918
-3.891861
-6.199767
3.385579
5.255520
-10.058888
-3.604663
-0.696104
-1.830215
0.960343
-6.392241
6.966722
1.066938
-1.717166
-0.840609
0.836437
-5.031273
2.062660
-1.616347
-3.259125
-0.317224
-1.709290
3.242144
2.380217
-7.786859
3.978787
0.682363
-2.796436
-2.801581
10.110934
-0.341470
2.805471
0.152964
-0.736459
0.634940
-7.902871
2.860010
2.414781
0.846560
-3.371009
-9.414511
0.328076
2.830257
3.599235
10.433896
-1.187459
4.458017
-1.716212
-2.873808
3.994736
-5.471041
-2.530128
-5.370337
6.098243
4.946808
-0.189200
-0.213124
-4.549875
7.743956
4.771106
-2.557429
-8.734550
-4.508488
2.721618
-8.340656
-9.276843
0.586325
-0.671518
-0.375454
0.685656
-0.003509
-3.627887
7.970276
-0.943701
3.732323
-7.547142
-0.180183
1.904390
7.981149
10.229924
0.387683
5.708511
-4.005989
-0.911711
3.904813
-0.205289
0.321660
-4.936770
5.569832
13.279061
-8.953916
4.473588
0.923336
-3.697766
-5.200174
1.530419
2.499133
1.497000
4.175151
2.856838
-0.014004
1.089331
-4.667721
-2.662294
6.180935
-1.824977
3.058688
2.866816
2.420811
-2.423012
-3.117430
-1.150634
2.509627
14.937204
-1.733209
1.014344
5.868737
3.013329
1.633562
6.606631
-3.810413
3.993809
-1.302470
-5.420540
5.602257
1.182944
0.385105
1.756152
5.277173
0.660629
-1.344777
1.355715
2.960331
8.807741
3.397510
-1.894867
2.566299
7.911391
-4.125610
5.811902
-3.162278
-0.177348
9.675057
-10.028659
1.684379
-2.624166
-7.885756
5.505570
-0.644479
3.443934
-7.712740
7.861853
4.086300
1.642471
-0.792108
1.988515
-1.108459
-5.424831
-1.488731
-0.939298
3.893519
0.289370
4.806407
4.628898
1.781759
0.693708
5.073943
-0.208758
5.014016
0.886479
-8.913865
4.092261
1.237869
-1.986699
-6.955002
-3.123613
4.006911
0.263215
3.091093
0.096532
-5.609083
-0.403530
5.554372
3.274660
-2.922732
14.325739
0.275069
1.951500
-1.984322
-2.409123
-5.249504
3.928402
7.068256
1.069724
-6.896053
-5.154038
7.455502
-2.059327
-6.545169
4.686027
4.793462
2.008172
4.424185
-0.231257
3.262194
2.119752
-5.386397
-0.271984
-3.798745
1.013961
-3.873723
0.363403
3.359115
4.622664
-4.817789
4.084801
3.891341
4.849405
-5.035412
2.558422
-6.292209
5.434652
5.484986
-6.447156
0.193833
-0.137396
2.200004
-3.695507
1.964730
2.685824
0.705918
-9.085467
-5.852876
6.054560
1.796081
4.786874
-1.193798
-5.000373
1.511542
-0.124487
-1.384553
3.490661
-5.101992
1.283992
0.094795
1.756172
-4.876732
1.294445
1.937986
3.201013
-0.700098
2.779827
-5.042027
-7.315133
4.613532
4.429060
-6.656827
0.744696
4.876364
-4.970853
15.152338
1.952902
-0.803743
2.433889
-2.189841
3.798474
-5.049384
-7.262372
4.793263
-8.159345
8.156192
-1.587958
1.422237
2.786322
2.282164
5.417554
3.542134
4.260024
1.018450
-4.418639
-3.427953
1.825200
8.316806
0.510033
13.430990
-3.551023
-1.173532
0.743538
-0.491030
2.517948
-6.069003
5.784021
1.164245
4.889653
-0.867892
2.730356
-2.744239
-2.462105
8.718863
2.294203
0.366285
-2.694699
3.177586
-2.681916
-4.017937
-5.540632
8.119202
4.368976
-3.906770
-3.777660
-1.873152
3.542039
3.687340
4.188766
2.449314
4.705794
-2.164721
-1.911443
2.168076
-6.480150
-4.652379
1.537452
4.060219
2.024751
4.737798
1.447587
-0.921352
1.595564
-2.243555
7.003292
5.295988
-3.601652
-10.474935
-3.683720
-10.973725
-9.888758
3.754466
6.749995
-6.352184
0.568000
-1.195701
10.385869
5.625064
10.130813
0.686720
-7.529317
1.697872
-2.255880
3.463773
-0.260611
-5.082489
2.507788
2.101637
-4.503392
5.144182
1.681873
-3.823602
6.108508
-3.154049
-7.941965
-3.311470
-0.713559
-1.648057
2.128131
-5.757452
-2.781254
-0.025632
0.082390
-3.139820
2.525259
1.197508
-6.295470
0.348631
-2.931247
-1.630460
-5.163263
3.862744
-4.914116
-2.605946
-4.612693
-2.301440
1.872724
1.304250
-0.417908
0.427857
-4.006738
-3.750581
-9.184289
2.674940
6.640101
0.726188
5.079391
-0.903667
-0.324775
-2.544571
-3.653009
3.437252
6.195854
-6.131184
-3.231564
2.998415
-6.702946
0.386866
2.861826
1.221812
0.878181
-4.115790
-4.436276
3.396112
5.780351
-0.331489
0.742248
-4.757345
-3.593612
-2.403417
-0.815735
1.502494
5.165937
-1.365714
-2.509028
2.361189
3.801484
2.707079
1.698057
5.368208
0.685032
1.433478
-2.325669
4.874934
-11.126646
-1.962381
8.197418
-1.940053
1.058479
3.508426
-5.507229
11.092284
-2.970481
-2.160281
9.994324
4.106515
-0.879645
-3.308305
-2.266748
-8.177913
-0.289647
-2.836198
-1.845576
-4.510413
-0.658335
-7.582620
0.267181
2.151977
2.510008
2.317160
5.683980
-3.861542
1.817990
-2.118450
0.150382
1.708611
-0.869425
-0.157166
-3.042091
4.940503
-9.118554
-1.802399
4.816563
2.644061
-1.795662
-3.381548
1.822695
5.642490
-5.400079
4.197031
-2.951934
1.370615
0.323242
-1.466420
0.731702
3.842364
-2.302213
-2.734609
-3.101361
-5.994591
1.857234
-7.986954
-1.667192
0.559960
-0.320664
-6.592386
-0.259697
-0.925237
3.420620
1.485242
1.463060
1.689557
2.906199
-4.735620
0.131855
-3.355301
-0.862578
2.987814
-5.280402
4.625023
-1.190166
-4.410136
-3.350500
-0.756293
2.121221
-13.935305
1.009806
-0.495484
-0.224825
1.526144
2.764262
8.385312
-4.542573
-7.802199
-2.962903
6.159781
-0.224593
6.988184
-2.149099
-5.630263
-5.256289
4.212946
1.587582
-2.047658
-1.521898
-2.369750
-3.018026
-2.666848
0.213332
-0.269199
-0.972864
1.559239
-0.942307
5.494584
-1.295096
4.910617
6.613390
-4.825444
6.476944
3.076133
-8.421265
-3.387189
3.200357
2.402847
-4.906918
-6.620250
3.332843
-3.361817
-7.459057
-3.696474
0.388794
8.359882
-4.788702
4.465409
2.488110
9.140748
5.247671
6.132534
0.340139
-9.627363
-4.967383
-3.453873
2.261386
4.341966
3.363989
-9.956265
-2.625271
-2.959493
3.550888
2.648212
2.461044
9.211334
8.707925
-2.225152
0.724187
10.301579
4.866776
3.838839
6.403799
-2.414014
-1.767164
2.193079
0.944002
0.260762
2.792911
0.368439
4.084485
4.750661
7.270241
12.175008
-2.960536
-7.448507
8.775145
-3.683529
-0.495097
-4.258318
1.065026
5.605543
7.358926
2.873627
-6.202040
-5.653036
4.121423
11.700451
8.993235
0.856074
-2.528834
-1.331596
-0.186947
0.972387
2.231679
5.080510
-8.131576
0.922551
1.307812
2.578119
-0.703350
-3.240514
-0.815763
-0.818100
2.120093
8.602126
0.259908
0.416200
-3.884934
-8.409662
1.547731
2.865110
-4.123494
5.120238
7.089711
-2.842373
1.378175
3.280856
5.169701
2.934235
-2.193715
4.229631
-1.750318
6.507806
-5.037206
1.154950
-2.962476
5.514037
1.592506
4.014356
2.461997
1.834676
1.254209
-1.777356
-1.080982
1.621635
6.930035
3.863984
4.885091
-1.126028
-0.833513
-8.757636
-4.671330
2.003697
2.321343
-3.186855
1.667122
5.764311
9.463029
-0.440801
-1.103848
4.193604
-10.440447
-5.031828
4.058531
1.753762
2.523611
2.182146
2.807545
-3.488552
4.215894
11.520573
-7.179979
0.911363
-2.999955
3.914440
-7.022437
5.471439
-2.817750
1.262210
8.821152
-4.408506
3.209219
3.887532
-1.236088
-0.177992
-0.313794
9.371872
-2.057250
2.545659
-0.506999
-2.760174
-1.991872
2.367717
2.014660
2.328615
-0.142437
2.288042
8.533535
2.848989
2.010189
-1.776733
-0.299051
-1.216523
-5.584258
-4.121495
-2.780957
-1.700840
2.572143
-2.908965
5.197246
2.727373
0.708337
-0.196731
-6.053082
2.663810
-6.480289
-4.932293
8.144850
0.034202
-1.929208
-2.701690
-9.309706
1.140688
-6.779090
-0.147573
-5.925472
5.642895
-1.013203
2.084296
3.745712
0.873945
2.184887
3.768455
-6.883171
-2.068659
4.239194
2.780074
-2.903180
-1.543451
1.528912
5.648473
1.299681
-1.291859
-3.258402
3.785649
-3.993794
-2.279384
5.674629
-1.218419
4.353637
0.024441
1.338784
-4.787961
-3.357786
-3.306652
-1.077569
1.491995
-3.289145
7.691080
-4.992141
-5.860337
-2.197577
1.430326
-3.930683
-4.323544
8.858475
-0.835614
-4.941420
-4.367554
-2.120132
-1.819532
-1.624295
1.698500
-0.462692
0.434068
-1.076799
3.557302
1.223201
2.082080
-0.275083
1.246793
-0.845857
0.721697
2.439059
-1.247810
1.764885
0.415693
1.528672
8.501530
-0.889014
-2.229740
-3.120063
5.598908
-8.336913
5.269553
-5.040492
-7.577187
2.575963
3.231609
2.643006
-6.913814
2.906614
6.720620
-0.383500
-3.186866
-2.316001
-4.003511
0.808858
3.342552
0.078319
-0.498879
9.853009
-3.204157
-3.458211
-2.878890
-0.197789
3.990466
9.818189
-0.417032
1.430215
-10.527680
3.094848
-1.401813
2.730630
8.047299
-8.946643
-0.091608
-1.961854
-2.586476
-2.982435
7.042553
5.291250
-5.685143
-6.811069
-5.212627
1.168049
-6.071074
-1.918826
-4.754734
7.372070
-2.105824
-12.538311
-1.098332
-2.125894
-0.007139
-3.088884
-2.725271
4.809719
3.974275
-3.675167
-4.588819
-4.211104
-3.317116
-5.530519
-0.839040
1.674093
-4.196193
1.291715
-5.260037
-2.390015
1.439777
-4.200778
0.957841
-0.549203
-5.974801
2.470528
-3.577616
-4.704342
-0.510457
-5.515556
-6.337360
1.607950
-5.504760
-3.548407
-1.357712
2.067254
-1.567685
-3.172102
2.119399
-1.281568
2.613597
2.743881
0.008782
5.848580
-1.279652
0.327704
1.137384
-2.633782
-7.270550
0.421532
3.782716
6.349711
1.234335
7.879593
-5.816299
-0.411790
2.915981
1.494319
3.747324
3.579834
-2.561334
4.393221
0.620796
10.025373
0.193539
-10.995744
0.227484
-0.511366
-2.793807
-4.311504
2.114894
2.329879
-3.778155
0.295944
-4.490924
3.692854
-2.560102
-0.314857
3.582064
-7.395933
3.580050
-0.204372
2.055628
5.400842
8.155461
-5.621027
-8.406481
-3.462970
-2.719594
12.787254
-8.104764
-2.974387
3.037447
1.300967
-1.571251
4.356485
6.998363
7.946251
-6.609630
1.276671
-1.488195
13.075231
1.990470
-1.699385
2.138665
-3.031284
1.405505
-4.408430
-2.826954
0.521929
4.360851
4.784665
-3.142921
4.194204
-1.128646
4.876284
0.341808
-9.103199
2.182663
2.081080
-0.594474
-1.125392
-1.336415
6.392999
0.535208
0.672533
-4.971497
-0.754944
-8.947692
-5.372386
4.601127
4.415949
-1.621042
2.558151
5.298570
-3.595615
-1.543616
-0.572861
5.611196
-0.291935
-4.369840
-4.714492
-8.598455
4.219615
-0.104397
1.193353
-0.033527
8.977259
-0.244869
6.119152
-10.073947
-2.312774
2.124535
4.324910
-1.687733
0.977665
-2.645543
-3.152972
2.347397
0.590560
0.057949
-0.704286
-3.575866
0.828292
6.604088
-5.225441
-3.228864
1.259836
-4.239991
2.989493
-1.464620
-0.487825
2.306642
-2.076288
4.257333
0.973153
4.923558
0.156830
-2.038855
-1.040271
-1.826056
2.006361
0.314413
-3.508578
-1.749810
-3.440441
7.046790
2.569880
-0.859153
8.103774
1.453101
10.916904
3.711011
-4.703689
-1.570380
-0.541564
-1.318829
-7.593261
-2.270209
4.795620
-3.244642
2.941031
3.423530
-5.015344
-4.441395
-2.426026
2.431945
-0.966827
-5.153688
-1.743526
-1.384015
-3.084382
2.710388
0.676097
8.868661
0.370857
-0.481418
3.987761
-2.536819
0.748024
-0.723164
0.461312
-7.638266
-2.685391
-7.803436
4.174006
-0.727668
-9.204490
1.280675
-0.081458
-2.509266
-2.925298
5.606777
1.419229
2.617373
-1.518821
0.528285
0.793857
-0.515161
0.237233
-0.254523
0.852812
-0.324636
3.463149
-4.053748
7.016288
-3.666232
-0.339063
-2.293811
-4.861596
7.819460
-5.147048
10.442966
3.666652
-4.683088
6.045417
-3.678740
-7.127675
-1.238709
-3.576681
-6.742422
0.927971
0.201038
-3.393804
-2.026058
-3.572965
-5.736314
-1.834274
1.702638
8.369466
3.463946
7.157653
0.286720
2.694760
-2.376634
-0.427516
-6.174398
-0.811722
-0.148082
-4.768425
-7.390341
-4.031278
10.106181
-0.688108
5.631660
1.449031
0.260150
7.286917
-1.969374
5.940648
1.665441
-5.458032
-7.473763
1.405413
-1.590358
7.069930
-3.765110
8.277446
2.697996
2.621220
0.121967
-4.333387
-1.279200
3.414322
1.603362
3.353273
3.979090
-5.749234
5.894954
-3.318271
4.129597
1.524369
-4.342029
-2.430708
-5.757845
-2.278619
3.680754
2.332183
0.971924
-0.629083
5.148882
-5.834288
1.206384
-9.132266
4.275574
4.174406
-7.763959
2.423096
-1.319607
1.810816
2.331510
-2.314016
3.718269
-9.004781
0.107677
1.892453
-1.183094
0.329683
0.298441
8.210264
-4.028402
-3.659013
1.203192
3.651268
-3.255257
1.403260
-4.650626
-1.792511
-9.487080
5.582311
2.379049
-3.640982
-1.906003
2.933807
2.772356
-7.576188
-11.390292
8.371735
-0.195195
-3.185287
-2.427847
2.417159
-4.258905
4.071301
2.301870
2.294474
4.359296
-0.616700
2.412633
-1.530542
-1.284188
-4.169566
0.952030
-1.553351
-2.772654
-4.594744
4.324225
2.700874
0.191302
4.675339
3.723948
-4.751010
-4.508411
-5.948429
1.332118
4.220611
1.789542
-4.644014
-4.017356
-1.052756
5.237838
0.366597
0.971958
-0.804008
-7.502747
0.650636
1.434299
-3.791216
-5.151548
0.907247
-0.827693
-8.346303
-2.046831
-1.917657
1.584962
-1.264989
1.266415
-4.376648
2.132840
-3.064262
-1.452962
-8.678439
-5.440679
0.325467
1.470439
-8.713841
2.982673
7.543796
-1.728525
-8.687577
-3.989367
-0.449453
6.358459
-0.662222
6.793742
-2.517451
1.988110
-8.780732
-3.868092
-2.367973
1.261219
-0.203468
-0.664947
-1.884601
4.350584
6.103693
-3.133613
-0.219591
-2.334572
6.352487
-10.061695
3.491198
-1.513212
5.942915
3.907973
-0.650698
6.789094
-6.771458
-1.897278
-0.120786
4.172884
6.327035
-2.247014
8.572622
0.586830
-5.679515
-2.275105
9.019433
1.091242
-3.248030
1.919681
3.056623
-2.761459
1.013326
-0.942136
-5.803291
-0.153906
4.015651
0.482549
4.663524
1.909916
0.611106
1.154637
-4.539308
-1.055055
-5.668341
3.269323
-4.072376
-4.579206
4.488795
10.184670
4.533174
4.049131
-0.237362
-4.467584
-16.420728
-9.888100
-2.509917
9.107559
-2.308204
-2.689092
-2.656845
1.195091
-0.054959
-0.673251
-4.844672
0.489900
-2.235279
-7.992871
-11.277979
-2.506202
0.294006
2.174804
3.030153
3.852244
1.131198
-4.462566
0.455437
-2.543862
4.977984
-4.721460
-4.816751
-2.245183
-3.412326
2.782507
8.128487
-1.503968
5.259511
-2.025142
4.525224
-0.636478
4.350102
3.384113
-0.772195
-0.411000
-2.987980
-4.094671
-4.684398
-1.485420
-1.989057
-1.021597
2.292284
0.548336
1.711555
-2.098684
1.653629
4.389381
5.297419
1.160025
-9.154675
-0.491455
-2.493558
-3.177735
2.416842
-3.959496
-6.168153
1.893245
-3.836150
1.078714
1.556991
4.905199
3.567872
5.589167
-4.604019
3.657850
2.086052
1.203012
5.383102
0.182306
-1.218385
-5.509700
2.617731
3.979583
-3.183430
-4.685950
-2.002538
-0.552474
-1.964718
-1.377221
-3.025230
-3.884973
9.509293
4.735094
4.345937
2.742888
6.293917
-0.812641
0.138843
-1.830932
1.630986
-0.754776
4.679445
6.696825
7.143748
-4.713110
1.421246
-1.077178
1.374357
2.628574
-0.403756
8.728478
-5.395291
8.774420
5.904401
4.602954
-4.053039
3.086615
-1.326004
-8.138363
1.003630
3.290555
0.561932
5.256344
-3.765398
1.846590
-10.925566
0.873246
-0.744324
5.512622
-0.127671
3.941217
-0.831034
5.503089
1.262453
-2.045735
5.253068
-3.823771
-2.246389
3.064876
-0.265020
-4.541899
6.006862
-3.554851
0.176326
-5.861270
-1.585180
1.126439
-1.759135
4.565428
2.148674
-4.216100
-4.136725
1.769174
0.843289
-1.093146
5.429439
1.473641
-0.250806
3.422734
5.002628
0.851093
2.037182
1.143102
8.373688
-7.466171
6.663755
4.475741
-1.765824
3.762899
-5.987791
4.902745
0.861931
-7.220539
-2.525476
2.754980
0.426113
1.085404
-7.876677
2.553412
-1.204760
-4.867628
-1.821826
-3.232263
3.906370
-1.419517
4.480952
-4.852871
5.544664
7.127204
1.519215
0.371984
-7.215620
-2.743969
5.687149
-1.949185
-0.875037
-0.531945
-1.408903
1.800895
-1.502829
-0.584200
11.031401
4.115846
5.728286
-0.261845
-5.009996
-0.320098
-0.525475
0.167193
5.294809
7.840960
2.711941
-2.521045
0.880781
-2.274843
-1.687461
-4.127607
-0.130917
3.752767
-3.011240
10.135570
-0.220163
-3.703540
-11.471693
-2.758324
2.584417
-2.132136
10.661975
2.577006
-0.121925
-5.147313
2.347845
6.365014
0.100340
4.143819
2.705083
-4.986839
-2.852556
2.956035
-4.641539
-6.666385
-7.399472
0.694125
-4.333329
-4.699925
-1.515079
-8.086872
-0.512253
4.498531
-4.377443
3.714148
-5.330467
4.356391
-0.314404
-3.906803
4.279721
3.082409
-2.306378
-3.408497
2.287876
-2.473285
-2.178772
0.365418
-5.699042
-2.058704
-4.118350
4.952545
2.502120
0.581920
1.170803
2.655053
1.454744
1.009738
-1.656120
0.176899
-0.346086
-0.888515
-2.104172
-4.259125
-0.244538
1.915347
1.053846
-3.830469
5.559777
0.733576
3.895197
8.335234
-3.327922
-2.567889
-0.513874
0.992702
-2.798037
5.214869
-0.993035
-1.082282
-4.305256
6.136567
3.271308
4.100450
0.426284
7.468885
-6.582962
-8.189505
2.573488
-5.758395
1.682939
-1.455573
3.553501
-0.427981
0.291464
-2.812359
-0.058863
5.859943
3.044974
6.728868
-5.199134
-3.214926
-7.851867
1.227292
-0.210480
3.463049
2.748078
1.778083
1.455001
-2.008282
-5.760293
1.116226
1.037708
-1.997881
1.176666
-4.100056
-4.812727
-0.306772
-5.488700
1.348638
3.168124
0.727324
5.855056
5.075555
-11.028332
-2.326887
-1.122955
-1.307748
-2.533355
6.897142
1.443063
4.687680
7.827189
8.379642
0.072992
-3.984915
-5.774405
6.089605
5.562328
6.511238
-3.688468
-9.971706
2.278695
2.527498
2.792384
-4.174999
-2.751530
1.430838
-5.185709
3.670245
1.657440
-6.970133
-0.662181
-1.043915
-7.984111
-0.201927
10.693688
-4.465521
3.203812
-2.161643
-7.207791
-2.482572
3.515791
3.484981
-5.182466
-4.700941
4.282254
3.238688
-3.586516
-2.355358
3.171580
-0.550426
2.064190
-0.456777
-1.470365
-2.050360
4.248767
-2.914863
1.537135
1.990731
-4.918111
2.149199
-3.324862
2.035453
4.530080
5.299320
-0.463946
-8.815143
-0.798946
3.568796
-2.280478
2.550906
-3.649549
2.086489
4.629620
3.789180
10.481324
3.958788
-0.937926
5.375489
3.188970
1.430028
-0.982912
3.650090
-0.316235
0.473125
-1.051676
-1.806741
6.359836
-2.943129
-0.436741
0.565367
-1.786934
0.516476
2.815851
-1.023379
3.293527
-0.056026
-7.976033
0.022174
-3.079438
5.094665
-5.741510
-3.640027
-5.570699
0.326936
4.423111
2.546465
-3.413745
-4.463093
-2.394905
-5.781912
7.406525
-2.164616
-4.644630
-4.591514
4.070841
5.284611
1.494192
-6.152124
3.036370
-0.239663
3.450805
-11.205117
9.408937
2.364378
-2.057378
0.035575
-9.255366
1.575639
-5.566691
6.035357
5.396909
2.992758
0.660521
-1.407590
0.902237
-3.748550
-1.425237
-4.633641
-9.198743
-4.906115
-5.402871
2.314549
5.703240
1.167547
-4.164119
-2.688436
-9.635630
-1.674866
-7.820026
4.105496
-5.838263
0.891821
2.190283
-2.687439
-0.539767
0.228858
-2.201601
2.044068
5.583701
1.793492
3.453245
11.428079
0.306331
-3.231765
2.194051
2.099885
-4.029967
-4.090300
0.842730
0.335063
-0.991530
-1.555280
-4.048561
-2.182369
0.919329
5.047809
1.656381
0.516903
-6.516564
3.687814
1.096771
-1.396027
-9.413038
-6.797347
0.516086
6.398271
1.346517
1.944250
-4.593327
-1.153678
0.137378
7.452113
8.415085
0.344537
-5.265325
-2.780172
0.949767
6.427869
2.797782
0.848758
0.847895
-3.198801
-2.877576
-2.019887
-1.685454
0.368398
7.706993
-3.732275
5.669364
-6.667135
-2.523245
-6.827610
-7.956747
0.168929
-9.346320
7.479062
6.568072
1.560883
2.247316
3.359639
0.758536
-4.626633
-5.220535
7.385409
-3.241306
-2.422493
0.523176
-0.421986
3.052192
11.105086
-4.368862
-1.076446
3.156900
4.427770
1.020330
-7.769619
9.281730
-10.757361
-0.317301
1.424065
-1.370202
-0.357490
0.399337
1.797278
-5.131164
-1.484043
6.894692
-10.588922
-0.401122
5.711637
-6.788752
3.961053
2.409060
3.111020
-7.593139
-1.847641
1.625430
2.997341
-2.878723
0.320789
0.492685
-3.196146
-0.485624
7.138311
2.864242
-8.212611
-0.230457
-2.392059
-6.039070
0.084290
4.613726
0.314031
1.871553
-0.899142
-4.980789
6.809568
-0.696537
-6.465864
8.506862
-3.478341
0.481860
-4.745910
1.334001
6.495192
4.606249
-2.621743
4.204491
6.023884
-3.003516
4.662886
3.804090
-1.340257
-3.676491
-4.127611
1.915121
3.904585
-6.700160
3.328855
-0.054421
-1.512993
-3.739616
-0.169686
4.117140
1.539126
2.420667
-10.059460
-0.785632
-0.265308
7.935405
-7.637176
-6.166635
-2.573729
-6.481079
8.540201
-9.945531
-2.480348
1.503180
3.024771
2.236802
4.450498
-1.029406
-5.535299
-5.943879
-4.957147
3.356948
0.528631
-3.821995
5.014902
2.029497
-0.016192
-2.400145
-1.303314
1.355854
-0.370792
0.202440
5.194612
-1.246466
2.204431
-3.799268
0.648155
5.630928
8.377999
-4.922613
-1.137002
9.875612
0.257419
-1.329997
-7.684238
7.070710
2.863543
6.396459
-2.734156
5.191946
-8.963869
5.719976
1.145245
-8.548216
0.223268
0.014087
2.248433
-1.151438
-4.648202
-10.265402
-1.268374
-0.057963
-2.900740
-7.518353
0.371103
11.760511
-0.763485
-6.293814
5.714152
1.383609
1.768818
3.013602
6.115418
3.944070
0.494824
10.008478
-3.753411
1.668466
-6.703677
-1.012004
-4.607233
-6.706658
-5.174756
-3.858848
0.126481
11.246761
-0.122076
1.011348
-2.014747
4.634746
4.345249
-10.385658
-2.644312
5.073991
0.646239
-1.197828
4.508911
4.610035
-8.342057
-4.531101
-4.813216
-5.609823
-4.831870
-6.375972
2.179858
-4.820167
3.900892
5.427175
4.376083
-2.575393
-1.393615
0.364311
-2.363644
-3.440447
-4.906968
0.610196
-1.333336
4.418250
1.150528
0.493022
-5.619024
2.633077
1.245647
-1.347794
-3.914120
-7.639763
2.578613
-3.854111
5.869948
-1.376858
-2.731636
-6.435622
-10.223902
0.157538
3.803945
3.200052
6.898416
-7.470562
7.387734
-6.692954
-7.014184
8.734296
4.825777
-1.709594
0.998421
-5.085526
-1.412136
-2.082881
-0.879193
-0.071560
3.044934
5.118815
-1.925522
-0.303870
-2.931199
0.378641
5.194510
-2.550508
-0.909491
-5.646509
1.990799
3.406465
-8.440443
-3.701168
7.507617
-1.897201
0.295250
3.342435
-4.366098
1.610407
-0.694907
-0.635129
-3.065337
-2.531417
2.779139
2.174227
-0.944606
-2.035083
-3.876538
-4.247723
2.051808
2.261698
-4.859470
4.208821
7.176153
7.239902
-1.740113
4.036386
5.544964
3.577889
5.858882
1.149159
6.798434
1.805005
-0.595888
-0.043199
-3.846919
-0.329636
-6.689891
4.932662
-6.572831
-3.747055
-3.173301
-1.744457
3.655580
-1.801441
5.725744
-1.642718
7.820926
-1.717356
1.276330
-3.480232
2.136334
0.851256
-1.462033
-1.420988
-3.435681
-2.617663
-3.864287
1.785757
1.313729
1.239598
-3.410565
1.801677
-3.470956
4.805347
5.465978
0.851652
2.672323
-8.627607
0.349389
-1.123441
3.502663
-4.199576
-0.246859
1.961204
1.957889
5.563626
2.121823
4.904682
0.576928
0.021530
-0.079135
2.536927
-2.594793
-0.715143
2.330385
-0.277972
0.608636
5.603531
2.527850
-0.373954
-1.632181
-2.096921
5.587736
-7.562126
-10.114702
-4.540253
-1.872279
2.328254
-0.578016
-6.148860
4.802101
-6.012395
6.460550
0.188891
-4.655547
3.855267
-1.027632
2.204264
-7.362090
3.255436
-0.040625
1.674047
-5.677938
1.795236
-2.566580
-5.274219
1.926869
1.956853
-5.078285
0.869447
6.285655
3.177902
1.341137
-4.722760
1.267080
-0.527263
8.427825
-4.004953
7.059182
-5.793978
-1.595623
1.114304
4.605121
2.750554
-6.891274
-1.334909
5.374407
0.845195
-4.429192
-5.968279
-6.163242
3.797770
5.958276
-5.840695
5.542676
7.306371
3.376824
5.461005
7.604831
2.375272
-2.199807
2.314343
7.538077
2.488774
2.147205
2.019048
4.502512
-2.548986
-2.395293
-1.560685
0.172148
-1.204707
4.546753
-4.513577
1.077518
5.269404
-1.229453
5.897934
2.635970
6.842160
0.556997
1.633625
-2.695421
3.019562
-0.438797
3.611102
2.490444
2.717720
-0.559781
-0.298113
2.898164
-0.353094
-2.198805
2.614861
3.804316
-1.752097
1.267610
6.414376
7.718968
-9.374005
0.911715
-3.065384
-0.749342
0.319398
3.801096
-4.714413
2.756858
3.571510
-8.314611
0.071071
-4.703360
0.421415
4.594378
-1.509917
7.861939
-0.475269
1.811995
3.077980
0.148838
-0.471633
1.654245
2.203773
5.301334
-0.138742
-1.174594
5.983358
4.444427
6.893230
-3.308122
0.774116
-3.614797
-0.630011
5.581138
-0.921870
2.209818
2.058782
1.594369
-0.540055
-6.287342
-3.314876
-8.850133
11.800043
-1.792392
2.503000
1.903588
-10.194498
-2.660363
-3.013979
-0.885138
1.008753
2.688578
4.148792
-2.207709
-11.574506
-0.905068
-1.709703
-2.104086
5.375999
1.178180
3.978000
-0.099675
3.851511
-0.925282
-3.545448
-0.248805
-2.271565
-0.090098
-3.005207
-1.286140
0.323450
3.606884
-0.022453
3.565858
-7.668949
-3.908429
-5.538439
1.116617
-1.785441
-1.767122
-2.156122
-0.439803
7.637303
4.395003
0.038238
2.461469
-0.399055
0.662006
-2.319472
5.439966
2.367932
0.624947
0.111349
-0.030757
0.448132
-1.890947
4.712441
7.171828
-0.162604
4.982036
-2.845823
-5.253863
3.400274
-4.466966
0.629246
5.179291
-0.240446
8.844832
-2.974145
0.340006
3.735756
6.281160
2.036531
-3.427620
5.111906
-3.754453
-1.694128
-2.844180
-3.046203
4.053764
6.755041
-0.826463
-2.246441
-2.541414
2.053821
-8.009436
5.750166
0.482673
5.758520
0.411959
0.549868
-9.884745
4.556059
-4.274989
-1.731221
-7.890911
-6.563902
-2.556044
-1.092111
2.092193
-2.159459
12.040265
4.840272
-0.624526
1.409138
-4.311291
0.132339
3.009015
-2.796267
5.611749
0.093348
0.630395
2.913031
2.336245
-2.475108
-2.187200
4.425359
-2.382040
4.301905
3.295945
-2.921748
0.841896
4.478837
-5.247426
8.228585
5.603536
-1.893667
-9.991898
2.972145
2.801439
-6.020451
-6.095420
-7.568696
1.065705
1.001835
9.669291
-0.851833
-5.364267
0.526467
2.197135
1.460374
2.632995
-2.077128
5.891413
-8.674480
-4.034520
8.435569
3.362034
0.027653
0.555129
-0.847407
-3.085397
1.488081
-0.580285
2.987401
1.313240
-0.431219
1.432667
-6.364227
-5.902953
-2.732944
-1.330896
-2.191075
1.611818
-0.938478
-0.789136
-8.728343
2.991563
5.184930
0.171858
-0.659768
1.928898
3.867579
2.066818
8.416789
-2.876891
0.239823
4.870244
4.958607
6.210636
-8.384233
4.405702
-7.492451
-4.038920
-0.211548
-1.432868
-5.489771
-4.143394
9.852008
7.003686
1.990475
-1.207357
2.802580
-4.315780
-0.993646
-5.760318
-1.376391
-9.731396
-1.390489
4.978883
-8.441093
8.520145
12.911057
-3.730218
1.037883
-3.143308
7.481697
-0.553037
1.255674
-1.374272
-6.781510
4.083367
6.506813
-6.522712
-3.684047
7.368447
-3.637078
6.149285
7.417752
-9.284308
3.214733
-1.448692
-2.297892
-2.577539
5.090066
1.840819
7.427044
0.416913
2.487426
4.433184
1.713398
1.775900
3.915492
-0.146848
-2.981971
0.636177
-4.578307
-3.682411
-1.204617
0.697860
-2.501923
-5.248548
-2.505305
3.419488
-5.977845
3.229219
3.490070
-2.845065
6.972984
-0.927682
