2.585082 2.065411 3.079022
-1.246621 -1.356450 -1.105266
-2.795771 -4.250563 -2.398649
1.092656 1.253537 0.8300827
-1.659002 -1.258950 -0.2859096
-1.44558 0.63071 -1.072348
1.081267 -1.254475 0.2584878
0.6050838 2.052777 3.752586
-0.1170974 0.1162331 0.8139548
-1.145322 -2.084143 -1.520505
2.564643 1.885120 1.170277
-2.280672 -0.7695243 0.6288632
-0.09090846 -0.8298103 0.4132312
1.239400 0.4022955 1.937935
-5.559823 -4.282837 -4.791345
2.4338 2.644181 1.656001
-3.308357 -2.234913 -4.905127
-2.252792 -2.463974 -2.648967
-3.612292 -2.787889 -2.153894
0.9098937 -0.9772756 0.502503
1.719824 1.237249 -0.5574178
0.6908625 -0.2244309 -1.497103
0.1951444 1.668328 0.3798388
1.297793 0.08970702 1.621553
-0.2264176 0.1192801 -2.348021
2.122451 1.922704 3.265865
-2.451285 -2.089915 -0.391559
-1.753162 -2.595681 -1.343258
2.479621 0.7756605 2.739581
-1.264536 -1.628350 -0.2514264
0.5109275 -1.172274 -0.9146292
2.028903 2.014804 2.731038
-0.2109307 -1.789482 2.949842
-1.682482 0.1739331 -0.4571072
-0.989053 0.05360186 -0.9957725
3.537437 3.484778 2.880770
-2.706606 -0.5277055 -0.4099805
2.207308 0.8118172 0.8096037
-1.95699 -1.849242 -0.9369978
1.905127 3.903654 0.9654751
-0.8494054 -1.130622 -0.694618
-0.1472107 1.023420 2.226715
-0.4563188 -0.1880225 0.4257756
0.9600402 1.539312 1.476533
-0.3383241 -1.005218 1.058262
3.047391 3.076309 1.677031
-2.452443 -2.481221 -1.037606
2.901944 0.5837974 1.330101
2.351617 3.615672 2.941912
1.409936 0.1949054 1.099780
-0.02702574 -3.515200 -2.914
0.986203 0.8507724 1.076809
-2.143767 0.9076887 -0.1911280
-2.544109 -2.723682 -1.248088
2.790299 1.843293 2.731713
-2.184812 -4.262763 -1.230578
1.427586 -0.2460895 1.81567
-0.6868872 -0.4912175 0.5346835
-2.840425 -0.513145 0.6638908
-1.595911 0.7611594 -0.5402827
-0.4058276 -0.1915729 0.6305494
0.7119597 1.131563 -2.123011
-4.91457 -5.821078 -5.779806
0.9370944 -2.623255 0.7719147
1.304502 -0.08599304 0.9004877
0.1156506 0.3186132 0.2168106
-0.538034 0.7329912 0.2752783
2.945823 2.348532 2.685918
-3.079285 -1.719584 -2.238365
0.631664 -1.372062 0.6477921
1.290820 2.819106 3.518388
-1.607055 -1.834303 -1.057989
4.233026 3.136252 2.412422
-0.2246739 0.02588027 0.7558706
-1.611943 -1.391398 -1.989109
-3.914057 -1.817348 -2.394778
0.2613712 -0.3952999 1.624779
0.8491439 0.04569239 0.4580169
-1.453391 -1.955607 -2.467509
1.929602 -0.1826921 -2.564174
0.856907 1.266552 1.903847
3.198618 4.392891 4.131446
-1.757513 -3.107533 -3.446182
-2.424714 -1.564025 -1.463533
1.858478 0.5609905 4.246346
-1.703098 -1.641197 1.34489
0.7111031 1.543519 1.19026
3.021055 4.011376 3.323636
2.439157 1.987561 0.8711904
2.154574 1.765974 2.366723
0.8908478 0.4711381 2.414102
3.287756 5.387873 3.421082
-0.09422293 1.370904 1.817618
-1.288080 -1.945191 -3.505611
1.075795 1.054201 1.194942
-2.225362 -0.8288413 -0.8251982
-2.490769 -1.845854 -1.022002
2.884416 2.508073 2.410184
1.233653 0.7978461 1.304515
-1.177669 -2.678864 -2.176798
